{
  "name": "tsp_30",
  "num_cities": 30,
  "cities": [
    {
      "id": 0,
      "x": 408.53587925449375,
      "y": 541.9720091045962
    },
    {
      "id": 1,
      "x": 862.0366164792732,
      "y": 176.66564419544383
    },
    {
      "id": 2,
      "x": 225.1595205781467,
      "y": 29.09725326811108
    },
    {
      "id": 3,
      "x": 116.6505334428638,
      "y": 8.805625887066903
    },
    {
      "id": 4,
      "x": 156.69033508336383,
      "y": 513.7132085026757
    },
    {
      "id": 5,
      "x": 989.4929103775511,
      "y": 693.5102614314382
    },
    {
      "id": 6,
      "x": 378.42657112328095,
      "y": 405.0477353192561
    },
    {
      "id": 7,
      "x": 691.3096284123793,
      "y": 326.11987261685994
    },
    {
      "id": 8,
      "x": 73.55343057826825,
      "y": 841.5228969062091
    },
    {
      "id": 9,
      "x": 617.2199559140831,
      "y": 112.00982712964758
    },
    {
      "id": 10,
      "x": 70.06668737991728,
      "y": 94.62754629553504
    },
    {
      "id": 11,
      "x": 958.9232453363275,
      "y": 107.71686541376934
    },
    {
      "id": 12,
      "x": 625.3169687228409,
      "y": 969.5674798615804
    },
    {
      "id": 13,
      "x": 35.00332940035356,
      "y": 385.87884676317077
    },
    {
      "id": 14,
      "x": 477.2809704848116,
      "y": 916.8894603146663
    },
    {
      "id": 15,
      "x": 188.59316505523483,
      "y": 258.34686865744175
    },
    {
      "id": 16,
      "x": 247.96464127719818,
      "y": 49.204737271702385
    },
    {
      "id": 17,
      "x": 673.7168204826979,
      "y": 816.7054405798101
    },
    {
      "id": 18,
      "x": 436.3650508959722,
      "y": 37.83352478299151
    },
    {
      "id": 19,
      "x": 713.5799802446153,
      "y": 737.0460170839402
    },
    {
      "id": 20,
      "x": 653.4460470937047,
      "y": 328.6528391354836
    },
    {
      "id": 21,
      "x": 830.481689206348,
      "y": 630.5582035603346
    },
    {
      "id": 22,
      "x": 589.9736121443087,
      "y": 540.529386331043
    },
    {
      "id": 23,
      "x": 233.26149198003665,
      "y": 455.57250077657665
    },
    {
      "id": 24,
      "x": 794.0596694992696,
      "y": 683.7553307043023
    },
    {
      "id": 25,
      "x": 345.9073649067602,
      "y": 819.6139557163948
    },
    {
      "id": 26,
      "x": 839.416196477519,
      "y": 43.62318871892656
    },
    {
      "id": 27,
      "x": 157.26925439603556,
      "y": 223.14650478327425
    },
    {
      "id": 28,
      "x": 14.58843484549288,
      "y": 753.4552336024461
    },
    {
      "id": 29,
      "x": 646.7903893887852,
      "y": 543.2016870508935
    }
  ],
  "distance_matrix": [
    [
      0.0,
      582.3329450636957,
      544.6718315607394,
      607.8350494112989,
      253.42600089633987,
      600.3956311713057,
      140.19567464006542,
      355.7430786946207,
      449.3817701062812,
      477.9294108756273,
      560.9620862894001,
      701.0733075538101,
      479.40789247046246,
      404.8353259416504,
      381.1679194136359,
      358.91227037119387,
      518.2689520463234,
      381.8368630198273,
      504.9060052805232,
      362.08531058025073,
      324.7861736394294,
      431.1447325250261,
      181.44346799116968,
      195.4123483144294,
      410.76891694545685,
      284.6179567908411,
      658.7938938317532,
      405.9367179419797,
      447.12385666657383,
      238.25768341688965
    ],
    [
      582.3329450636957,
      0.0,
      653.7498491658218,
      764.0532694327338,
      781.7380873953085,
      532.3283434311061,
      534.824322105222,
      226.90145624793632,
      1031.3781561244668,
      253.21052894920703,
      796.2076476049912,
      118.9157388522178,
      827.4838443357419,
      853.0851200584896,
      834.2470887421304,
      678.3788799008504,
      627.1608035602994,
      667.1696085104093,
      447.73947684640444,
      579.7115965381059,
      258.08938967407653,
      454.98809751685866,
      454.32928715711114,
      687.8569559414218,
      511.6256595249837,
      824.4828291822967,
      134.9517630869521,
      706.2984532467495,
      1025.1120187582912,
      425.06424101401655
    ],
    [
      544.6718315607394,
      653.7498491658218,
      0.0,
      110.38999243996771,
      489.4289053889528,
      1012.7438847896785,
      405.992061175207,
      552.737152214919,
      826.4501394311874,
      400.7316806295064,
      168.36866161407193,
      737.9635812050165,
      1022.0617546970658,
      404.29257042409205,
      922.8977345273053,
      232.14754901222634,
      30.4036912734784,
      906.3830912026558,
      211.38613596169364,
      860.0848781423639,
      522.649880722369,
      853.3288947171384,
      628.213457460555,
      426.5521992417856,
      867.3088133963162,
      799.6853748567091,
      614.4284064784665,
      205.58258743354935,
      754.3438644415858,
      664.8879291798951
    ],
    [
      607.8350494112989,
      764.0532694327338,
      110.38999243996771,
      0.0,
      506.49269757633067,
      1109.3575856814361,
      474.9047306470322,
      656.4460424199987,
      833.8317658430201,
      511.0976950322601,
      97.64966326933103,
      848.0605842185323,
      1087.1084961644738,
      385.81145632269437,
      977.0724448421407,
      259.7047825641578,
      137.38807487185844,
      981.3383507928934,
      321.02958054451307,
      941.6256325258039,
      624.8613152519912,
      946.6420584265124,
      711.8742123803174,
      461.7345082939947,
      956.263688344151,
      842.5964885361733,
      723.6038048155049,
      218.1556619890262,
      751.6114090677228,
      752.746582223908
    ],
    [
      253.42600089633987,
      781.7380873953085,
      489.4289053889528,
      506.49269757633067,
      0.0,
      851.9900877700976,
      246.93145493299616,
      566.5766042366948,
      338.1877240556065,
      611.1081232228963,
      427.94444570416897,
      899.1166069506805,
      653.7691018030957,
      176.49178845896364,
      515.1013934481925,
      257.351429151201,
      473.3910844286168,
      599.2667847490565,
      551.9777350962717,
      600.0030168895989,
      530.1071379685641,
      683.8476012686665,
      434.11231907651984,
      96.1430390792103,
      659.6620284483621,
      359.69202315467015,
      828.9144880605458,
      290.56728043248256,
      278.69192426432596,
      490.9863884032486
    ],
    [
      600.3956311713057,
      532.3283434311061,
      1012.7438847896785,
      1109.3575856814361,
      851.9900877700976,
      0.0,
      675.7312335097705,
      473.1690685546215,
      927.8215727795772,
      690.4563039889855,
      1097.2716555275845,
      586.5904936483764,
      456.98107655293796,
      1002.8396918176034,
      558.8016981563283,
      911.4864675177172,
      982.340970507551,
      338.95662128756516,
      857.8242313648115,
      279.32652404448936,
      496.03269340574786,
      171.01909264337715,
      427.8069866274569,
      792.7801310054174,
      195.6765451291483,
      655.8235250822047,
      666.9904252190352,
      955.94888835304,
      976.7456865023876,
      374.2160945554951
    ],
    [
      140.19567464006542,
      534.824322105222,
      405.992061175207,
      474.9047306470322,
      246.93145493299616,
      675.7312335097705,
      0.0,
      322.68469912492213,
      532.4079249110928,
      378.0125609764701,
      437.54601090141756,
      652.2131821507147,
      616.1472311103897,
      343.9578015454219,
      521.3004351805263,
      239.9122054809282,
      379.00468915124986,
      506.61464414990195,
      371.75683431262246,
      471.75276018308057,
      285.432815783287,
      505.18194848134294,
      251.21191915518665,
      153.7063828446354,
      500.42861248227894,
      415.8396925106135,
      585.7807931039516,
      286.3540054067684,
      503.7518975349327,
      301.83713047454614
    ],
    [
      355.7430786946207,
      226.90145624793632,
      552.737152214919,
      656.4460424199987,
      566.5766042366948,
      473.1690685546215,
      322.68469912492213,
      0.0,
      804.5265672487545,
      226.56652698366747,
      662.9717105037905,
      345.4228155731334,
      646.822892608058,
      659.0213146127232,
      628.3446284984952,
      507.26425322113766,
      522.7205465649124,
      490.9009130001502,
      384.8451064420717,
      411.5291785248178,
      37.94821088879361,
      334.741034014787,
      237.15064360915224,
      475.98957785501966,
      372.1030661319151,
      602.3612982994971,
      318.96697621754316,
      543.877408578907,
      800.3543493798685,
      221.59981227702357
    ],
    [
      449.3817701062812,
      1031.3781561244668,
      826.4501394311874,
      833.8317658430201,
      338.1877240556065,
      927.8215727795772,
      532.4079249110928,
      804.5265672487545,
      0.0,
      909.814601853334,
      746.903489175123,
      1149.9352158880097,
      566.4260033314433,
      457.2719220896676,
      410.70189354200755,
      594.414350796259,
      811.2874561486072,
      600.6762861309652,
      881.7873205605587,
      648.497804695749,
      774.1518861611501,
      785.7776342886428,
      597.7348051912861,
      417.68932611371724,
      737.577009721263,
      273.23372275081135,
      1105.9790777931566,
      624.0173887741151,
      105.98482929906136,
      646.2168020067797
    ],
    [
      477.9294108756273,
      253.21052894920703,
      400.7316806295064,
      511.0976950322601,
      611.1081232228963,
      690.4563039889855,
      378.0125609764701,
      226.56652698366747,
      909.814601853334,
      0.0,
      547.4293040700479,
      341.73025549733825,
      857.5958776577273,
      643.4131177587653,
      816.9541869401394,
      452.91881785267236,
      374.558362207613,
      706.9567195535985,
      195.47537056860247,
      632.4203452147625,
      219.65091471039918,
      560.689740931402,
      429.38488080855734,
      515.2275349299751,
      598.4690511285662,
      757.8351567670352,
      232.4820458307328,
      473.18707605642635,
      880.1232639071055,
      432.2046165859698
    ],
    [
      560.9620862894001,
      796.2076476049912,
      168.36866161407193,
      97.64966326933103,
      427.94444570416897,
      1097.2716555275845,
      437.54601090141756,
      662.9717105037905,
      746.903489175123,
      547.4293040700479,
      0.0,
      888.9529295171349,
      1036.2541977140318,
      293.3543234671888,
      917.5718650934314,
      202.1201188025563,
      183.6053201311298,
      941.1641560370952,
      370.67512999135397,
      909.2913997743955,
      628.5692603276843,
      930.2970731970357,
      684.9318662210267,
      396.12347117255285,
      933.4009773513502,
      775.6889668052642,
      771.0383334442738,
      155.3106898605947,
      661.1594044301619,
      730.6360162305316
    ],
    [
      701.0733075538101,
      118.9157388522178,
      737.9635812050165,
      848.0605842185323,
      899.1166069506805,
      586.5904936483764,
      652.2131821507147,
      345.4228155731334,
      1149.9352158880097,
      341.73025549733825,
      888.9529295171349,
      0.0,
      924.1642870290885,
      964.8845003063122,
      941.6685028516108,
      784.9189961155631,
      713.3623243663906,
      764.2038370053906,
      527.2103449994902,
      675.4616931164632,
      377.0000306770872,
      538.3867552382595,
      568.7270963259009,
      804.728850817335,
      599.1663476298163,
      939.4604498541606,
      135.60949125781968,
      809.9216769759108,
      1144.004490574987,
      535.7928234292496
    ],
    [
      479.40789247046246,
      827.4838443357419,
      1022.0617546970658,
      1087.1084961644738,
      653.7691018030957,
      456.98107655293796,
      616.1472311103897,
      646.822892608058,
      566.4260033314433,
      857.5958776577273,
      1036.2541977140318,
      924.1642870290885,
      0.0,
      830.1581856359963,
      157.1293432739884,
      834.6031622822251,
      994.7172246302995,
      160.34135057357358,
      950.7002631202128,
      248.70985074006697,
      641.5316217826336,
      396.25730523155033,
      430.49139196336483,
      646.450566840668,
      331.9076432853355,
      317.10532336783615,
      950.3742997497466,
      881.029474491856,
      647.8378231279366,
      426.90619235867524
    ],
    [
      404.8353259416504,
      853.0851200584896,
      404.29257042409205,
      385.81145632269437,
      176.49178845896364,
      1002.8396918176034,
      343.9578015454219,
      659.0213146127232,
      457.2719220896676,
      643.4131177587653,
      293.3543234671888,
      964.8845003063122,
      830.1581856359963,
      0.0,
      691.0729219898348,
      199.6352750794648,
      398.3741662786129,
      770.4326561291672,
      531.2502024792209,
      764.0580165027466,
      621.0847051867742,
      832.2582583322974,
      576.1152698180631,
      210.15114665214745,
      815.4121210341998,
      533.6548173050011,
      874.1962000504258,
      203.54550238536768,
      368.1428636840631,
      631.691287612458
    ],
    [
      381.1679194136359,
      834.2470887421304,
      922.8977345273053,
      977.0724448421407,
      515.1013934481925,
      558.8016981563283,
      521.3004351805263,
      628.3446284984952,
      410.70189354200755,
      816.9541869401394,
      917.5718650934314,
      941.6685028516108,
      157.1293432739884,
      691.0729219898348,
      0.0,
      719.0403285145828,
      897.475769836378,
      220.50823334883927,
      880.0076421652645,
      296.9526664075391,
      614.0492298773108,
      454.6826764897965,
      392.8696180326931,
      521.8801040921273,
      393.319547618059,
      163.46726900950458,
      945.3760643318158,
      763.9939703842657,
      490.70880264915115,
      410.33644120891785
    ],
    [
      358.91227037119387,
      678.3788799008504,
      232.14754901222634,
      259.7047825641578,
      257.351429151201,
      911.4864675177172,
      239.9122054809282,
      507.26425322113766,
      594.414350796259,
      452.91881785267236,
      202.1201188025563,
      784.9189961155631,
      834.6031622822251,
      199.6352750794648,
      719.0403285145828,
      0.0,
      217.40607928331954,
      739.6683418225297,
      331.6881701836334,
      710.4674734475489,
      470.13948081854477,
      741.9987569174815,
      490.64573429923666,
      202.2206947744303,
      739.9743560318516,
      582.896646491098,
      685.3297578217579,
      47.11956065010893,
      524.7951401965158,
      539.5247574939784
    ],
    [
      518.2689520463234,
      627.1608035602994,
      30.4036912734784,
      137.38807487185844,
      473.3910844286168,
      982.340970507551,
      379.00468915124986,
      522.7205465649124,
      811.2874561486072,
      374.558362207613,
      183.6053201311298,
      713.3623243663906,
      994.7172246302995,
      398.3741662786129,
      897.475769836378,
      217.40607928331954,
      0.0,
      877.680037187056,
      188.74326164921825,
      830.61619903267,
      492.4494005460872,
      822.9811443124923,
      598.6401648126063,
      406.63367029207996,
      837.1823191363574,
      776.6100314678781,
      591.4778912462621,
      196.16674459901066,
      741.9118649209978,
      634.8976009939805
    ],
    [
      381.8368630198273,
      667.1696085104093,
      906.3830912026558,
      981.3383507928934,
      599.2667847490565,
      338.95662128756516,
      506.61464414990195,
      490.9009130001502,
      600.6762861309652,
      706.9567195535985,
      941.1641560370952,
      764.2038370053906,
      160.34135057357358,
      770.4326561291672,
      220.50823334883927,
      739.6683418225297,
      877.680037187056,
      0.0,
      814.2341946534526,
      89.07690642303702,
      488.47338313398666,
      243.36396182657785,
      288.59337810009566,
      569.5769453000297,
      179.32688874046457,
      327.8223583364814,
      790.6405323200725,
      786.7847855549531,
      662.1561880971796,
      274.82601020620586
    ],
    [
      504.9060052805232,
      447.73947684640444,
      211.38613596169364,
      321.02958054451307,
      551.9777350962717,
      857.8242313648115,
      371.75683431262246,
      384.8451064420717,
      881.7873205605587,
      195.47537056860247,
      370.67512999135397,
      527.2103449994902,
      950.7002631202128,
      531.2502024792209,
      880.0076421652645,
      331.6881701836334,
      188.74326164921825,
      814.2341946534526,
      0.0,
      752.1610375733892,
      362.904991024722,
      711.7938391309496,
      525.641245819163,
      464.49640225569885,
      738.3497948414463,
      786.996337440614,
      403.0927265072991,
      335.0154685690188,
      830.6683718432222,
      547.4265270461885
    ],
    [
      362.08531058025073,
      579.7115965381059,
      860.0848781423639,
      941.6256325258039,
      600.0030168895989,
      279.32652404448936,
      471.75276018308057,
      411.5291785248178,
      648.497804695749,
      632.4203452147625,
      909.2913997743955,
      675.4616931164632,
      248.70985074006697,
      764.0580165027466,
      296.9526664075391,
      710.4674734475489,
      830.61619903267,
      89.07690642303702,
      752.1610375733892,
      0.0,
      412.79665419070193,
      158.13179309427903,
      232.15796432045792,
      556.7164363939705,
      96.52397441744019,
      376.8296917168167,
      704.7481622633359,
      757.3469036293975,
      699.1841266263162,
      205.02798280393318
    ],
    [
      324.7861736394294,
      258.08938967407653,
      522.649880722369,
      624.8613152519912,
      530.1071379685641,
      496.03269340574786,
      285.432815783287,
      37.94821088879361,
      774.1518861611501,
      219.65091471039918,
      628.5692603276843,
      377.0000306770872,
      641.5316217826336,
      621.0847051867742,
      614.0492298773108,
      470.13948081854477,
      492.4494005460872,
      488.47338313398666,
      362.904991024722,
      412.79665419070193,
      0.0,
      349.9835248218665,
      221.17961309740423,
      438.93468861228166,
      381.929273981974,
      579.3296635212611,
      340.33336315798203,
      507.27014124644273,
      767.2001844840441,
      214.65205780824635
    ],
    [
      431.1447325250261,
      454.98809751685866,
      853.3288947171384,
      946.6420584265124,
      683.8476012686665,
      171.01909264337715,
      505.18194848134294,
      334.741034014787,
      785.7776342886428,
      560.689740931402,
      930.2970731970357,
      538.3867552382595,
      396.25730523155033,
      832.2582583322974,
      454.6826764897965,
      741.9987569174815,
      822.9811443124923,
      243.36396182657785,
      711.7938391309496,
      158.13179309427903,
      349.9835248218665,
      0.0,
      256.8060027798903,
      622.3278558394762,
      64.4709070505005,
      520.148395358186,
      587.0030128262226,
      786.8921620423216,
      825.0972563914626,
      203.4051489154835
    ],
    [
      181.44346799116968,
      454.32928715711114,
      628.213457460555,
      711.8742123803174,
      434.11231907651984,
      427.8069866274569,
      251.21191915518665,
      237.15064360915224,
      597.7348051912861,
      429.38488080855734,
      684.9318662210267,
      568.7270963259009,
      430.49139196336483,
      576.1152698180631,
      392.8696180326931,
      490.64573429923666,
      598.6401648126063,
      288.59337810009566,
      525.641245819163,
      232.15796432045792,
      221.17961309740423,
      256.8060027798903,
      0.0,
      366.68952681417665,
      249.3286785516346,
      370.7513046634191,
      556.0012339052518,
      536.6236620890944,
      613.5189635956126,
      56.87958656307002
    ],
    [
      195.4123483144294,
      687.8569559414218,
      426.5521992417856,
      461.7345082939947,
      96.1430390792103,
      792.7801310054174,
      153.7063828446354,
      475.98957785501966,
      417.68932611371724,
      515.2275349299751,
      396.12347117255285,
      804.728850817335,
      646.450566840668,
      210.15114665214745,
      521.8801040921273,
      202.2206947744303,
      406.63367029207996,
      569.5769453000297,
      464.49640225569885,
      556.7164363939705,
      438.93468861228166,
      622.3278558394762,
      366.68952681417665,
      0.0,
      605.4436388159664,
      381.0712185433626,
      732.8886419430999,
      244.53356372183734,
      369.52946896340455,
      422.7115130667654
    ],
    [
      410.76891694545685,
      511.6256595249837,
      867.3088133963162,
      956.263688344151,
      659.6620284483621,
      195.6765451291483,
      500.42861248227894,
      372.1030661319151,
      737.577009721263,
      598.4690511285662,
      933.4009773513502,
      599.1663476298163,
      331.9076432853355,
      815.4121210341998,
      393.319547618059,
      739.9743560318516,
      837.1823191363574,
      179.32688874046457,
      738.3497948414463,
      96.52397441744019,
      381.929273981974,
      64.4709070505005,
      249.3286785516346,
      605.4436388159664,
      0.0,
      468.2927013116409,
      641.7369973301476,
      785.9150865606902,
      782.5812942542734,
      203.57693289886686
    ],
    [
      284.6179567908411,
      824.4828291822967,
      799.6853748567091,
      842.5964885361733,
      359.69202315467015,
      655.8235250822047,
      415.8396925106135,
      602.3612982994971,
      273.23372275081135,
      757.8351567670352,
      775.6889668052642,
      939.4604498541606,
      317.10532336783615,
      533.6548173050011,
      163.46726900950458,
      582.896646491098,
      776.6100314678781,
      327.8223583364814,
      786.996337440614,
      376.8296917168167,
      579.3296635212611,
      520.148395358186,
      370.7513046634191,
      381.0712185433626,
      468.2927013116409,
      0.0,
      919.6263574428772,
      625.5859307558882,
      337.85974890284524,
      408.5759864336867
    ],
    [
      658.7938938317532,
      134.9517630869521,
      614.4284064784665,
      723.6038048155049,
      828.9144880605458,
      666.9904252190352,
      585.7807931039516,
      318.96697621754316,
      1105.9790777931566,
      232.4820458307328,
      771.0383334442738,
      135.60949125781968,
      950.3742997497466,
      874.1962000504258,
      945.3760643318158,
      685.3297578217579,
      591.4778912462621,
      790.6405323200725,
      403.0927265072991,
      704.7481622633359,
      340.33336315798203,
      587.0030128262226,
      556.0012339052518,
      732.8886419430999,
      641.7369973301476,
      919.6263574428772,
      0.0,
      705.3744194410925,
      1088.2106268100938,
      535.4282188605763
    ],
    [
      405.9367179419797,
      706.2984532467495,
      205.58258743354935,
      218.1556619890262,
      290.56728043248256,
      955.94888835304,
      286.3540054067684,
      543.877408578907,
      624.0173887741151,
      473.18707605642635,
      155.3106898605947,
      809.9216769759108,
      881.029474491856,
      203.54550238536768,
      763.9939703842657,
      47.11956065010893,
      196.16674459901066,
      786.7847855549531,
      335.0154685690188,
      757.3469036293975,
      507.27014124644273,
      786.8921620423216,
      536.6236620890944,
      244.53356372183734,
      785.9150865606902,
      625.5859307558882,
      705.3744194410925,
      0.0,
      549.1677012802378,
      584.8643101617236
    ],
    [
      447.12385666657383,
      1025.1120187582912,
      754.3438644415858,
      751.6114090677228,
      278.69192426432596,
      976.7456865023876,
      503.7518975349327,
      800.3543493798685,
      105.98482929906136,
      880.1232639071055,
      661.1594044301619,
      1144.004490574987,
      647.8378231279366,
      368.1428636840631,
      490.70880264915115,
      524.7951401965158,
      741.9118649209978,
      662.1561880971796,
      830.6683718432222,
      699.1841266263162,
      767.2001844840441,
      825.0972563914626,
      613.5189635956126,
      369.52946896340455,
      782.5812942542734,
      337.85974890284524,
      1088.2106268100938,
      549.1677012802378,
      0.0,
      666.2476004953901
    ],
    [
      238.25768341688965,
      425.06424101401655,
      664.8879291798951,
      752.746582223908,
      490.9863884032486,
      374.2160945554951,
      301.83713047454614,
      221.59981227702357,
      646.2168020067797,
      432.2046165859698,
      730.6360162305316,
      535.7928234292496,
      426.90619235867524,
      631.691287612458,
      410.33644120891785,
      539.5247574939784,
      634.8976009939805,
      274.82601020620586,
      547.4265270461885,
      205.02798280393318,
      214.65205780824635,
      203.4051489154835,
      56.87958656307002,
      422.7115130667654,
      203.57693289886686,
      408.5759864336867,
      535.4282188605763,
      584.8643101617236,
      666.2476004953901,
      0.0
    ]
  ]
}