{
  "name": "tsp_15",
  "num_cities": 15,
  "cities": [
    {
      "id": 0,
      "x": 38.551839337380045,
      "y": 696.2243226370528
    },
    {
      "id": 1,
      "x": 143.93322139536102,
      "y": 462.53225482908755
    },
    {
      "id": 2,
      "x": 671.646764117767,
      "y": 792.9512716552944
    },
    {
      "id": 3,
      "x": 453.18922846621234,
      "y": 498.27222979805117
    },
    {
      "id": 4,
      "x": 19.157108024347778,
      "y": 432.3888389514402
    },
    {
      "id": 5,
      "x": 372.3746808209262,
      "y": 852.288633190853
    },
    {
      "id": 6,
      "x": 546.9839042910056,
      "y": 755.316838254966
    },
    {
      "id": 7,
      "x": 434.06813885223414,
      "y": 176.18810428468956
    },
    {
      "id": 8,
      "x": 850.8752517946389,
      "y": 820.2199870687111
    },
    {
      "id": 9,
      "x": 375.8582856764489,
      "y": 95.74311346274311
    },
    {
      "id": 10,
      "x": 512.430346269225,
      "y": 495.9772387795468
    },
    {
      "id": 11,
      "x": 772.3009913180158,
      "y": 597.216918902103
    },
    {
      "id": 12,
      "x": 506.6760128135681,
      "y": 575.1589252191758
    },
    {
      "id": 13,
      "x": 376.925185796109,
      "y": 48.91974165490165
    },
    {
      "id": 14,
      "x": 61.210678418125,
      "y": 941.9036139652794
    }
  ],
  "distance_matrix": [
    [
      0.0,
      256.3536975368461,
      640.4414777706556,
      459.46620716100045,
      264.547383382119,
      368.50204683933816,
      511.8545594942581,
      653.3535119521059,
      821.7324693743423,
      688.7331277885014,
      514.4509052624843,
      740.3987331341388,
      483.5256686513268,
      730.4106667855812,
      246.72198356860454
    ],
    [
      256.3536975368461,
      0.0,
      622.6221244487139,
      311.3143487219768,
      128.36550934245832,
      451.76933811200803,
      498.16931386277764,
      407.6410711382005,
      792.279968281275,
      433.96256712537655,
      370.01175385621275,
      642.6398781697502,
      379.82509081027075,
      474.72156737353475,
      486.45649248077723
    ],
    [
      640.4414777706556,
      622.6221244487139,
      0.0,
      366.82343517399914,
      745.4850898483684,
      305.09785694893503,
      130.21973428613083,
      660.9390348648514,
      181.29101917976115,
      757.3572735696672,
      336.9620808266223,
      220.09818332051282,
      273.2194263811088,
      800.2772809240148,
      628.346254070104
    ],
    [
      459.46620716100045,
      311.3143487219768,
      366.82343517399914,
      0.0,
      439.0039894633174,
      363.12340186538137,
      273.62268171671496,
      322.6512048260981,
      511.66838045983025,
      409.8899415824175,
      59.2855549212912,
      334.0993395567898,
      93.66109134854945,
      455.77830444726817,
      591.993233674112
    ],
    [
      264.547383382119,
      128.36550934245832,
      745.4850898483684,
      439.0039894633174,
      0.0,
      548.7061972810288,
      618.7759041780004,
      487.63713962991176,
      917.6971559979138,
      490.4753557807028,
      497.35497600937555,
      770.9695226679771,
      507.99407482743095,
      524.448802128409,
      511.24730682935393
    ],
    [
      368.50204683933816,
      451.76933811200803,
      305.09785694893503,
      363.12340186538137,
      548.7061972810288,
      0.0,
      199.72959203360892,
      678.9094254398408,
      479.57397186072996,
      756.5535400244091,
      382.84905538801485,
      474.3444247148018,
      307.9573392784542,
      803.381779095862,
      323.81149017681764
    ],
    [
      511.8545594942581,
      498.16931386277764,
      130.21973428613083,
      273.62268171671496,
      618.7759041780004,
      199.72959203360892,
      0.0,
      590.0339486797678,
      310.7448628915901,
      681.4113851283245,
      261.6313747011918,
      275.25147448418704,
      184.61202491920247,
      726.5788503811043,
      520.3751068651493
    ],
    [
      653.3535119521059,
      407.6410711382005,
      660.9390348648514,
      322.6512048260981,
      487.63713962991176,
      678.9094254398408,
      590.0339486797678,
      0.0,
      767.1409488755728,
      99.29644281186273,
      329.25024843154387,
      540.0617790820635,
      405.5238825498726,
      139.5082549903113,
      851.6706684903378
    ],
    [
      821.7324693743423,
      792.279968281275,
      181.29101917976115,
      511.66838045983025,
      917.6971559979138,
      479.57397186072996,
      310.7448628915901,
      767.1409488755728,
      0.0,
      866.3185664003787,
      468.69853199494526,
      236.44086537899724,
      422.52578637282016,
      905.2804723594858,
      798.9850083077998
    ],
    [
      688.7331277885014,
      433.96256712537655,
      757.3572735696672,
      409.8899415824175,
      490.4753557807028,
      756.5535400244091,
      681.4113851283245,
      99.29644281186273,
      866.3185664003787,
      0.0,
      422.8939380065217,
      639.2517472782057,
      496.9434558331572,
      46.83552522733885,
      902.768358641402
    ],
    [
      514.4509052624843,
      370.01175385621275,
      336.9620808266223,
      59.2855549212912,
      497.35497600937555,
      382.84905538801485,
      261.6313747011918,
      329.25024843154387,
      468.69853199494526,
      422.8939380065217,
      0.0,
      278.8946485492186,
      79.39050208269639,
      467.14243464943,
      634.389092546478
    ],
    [
      740.3987331341388,
      642.6398781697502,
      220.09818332051282,
      334.0993395567898,
      770.9695226679771,
      474.3444247148018,
      275.25147448418704,
      540.0617790820635,
      236.44086537899724,
      639.2517472782057,
      278.8946485492186,
      0.0,
      266.5392734491568,
      675.9821167526147,
      790.2267717899969
    ],
    [
      483.5256686513268,
      379.82509081027075,
      273.2194263811088,
      93.66109134854945,
      507.99407482743095,
      307.9573392784542,
      184.61202491920247,
      405.5238825498726,
      422.52578637282016,
      496.9434558331572,
      79.39050208269639,
      266.5392734491568,
      0.0,
      541.9990363737822,
      577.0104252710868
    ],
    [
      730.4106667855812,
      474.72156737353475,
      800.2772809240148,
      455.77830444726817,
      524.448802128409,
      803.381779095862,
      726.5788503811043,
      139.5082549903113,
      905.2804723594858,
      46.83552522733885,
      467.14243464943,
      675.9821167526147,
      541.9990363737822,
      0.0,
      947.1514379313164
    ],
    [
      246.72198356860454,
      486.45649248077723,
      628.346254070104,
      591.993233674112,
      511.24730682935393,
      323.81149017681764,
      520.3751068651493,
      851.6706684903378,
      798.9850083077998,
      902.768358641402,
      634.389092546478,
      790.2267717899969,
      577.0104252710868,
      947.1514379313164,
      0.0
    ]
  ]
}